0
3305788327
1645489244
607324168
2856446203
3612641293
2748305667
485210915
2679564690
2417442847
3659766205
2377145493
2270832597
1677103035
1840346077
3657250774
968339432
15102147
3739687659
508966
3418517791
2794307703
3964929030
235382417
4195256797
2300652207
2721118872
1809483945
1261029982
3771316040
1398122478
3105783438
3946910654
2434038908
3820501367
2930696320
3075581779
1556216073
3784146571
1938480870
2525869104
983863730
2514100372
1884927997
1453254086
2157218868
1796568645
3442616758
2333482013
2188585352
3572277721
3042949144
3768193577
32283530
2912973405
2056393880
6308077
805859488
3580148587
4167961220
1905604766
3301122904
3238894288
1588495288
2038907815
1587858717
4000359583
200181273
3427927077
718651935
1615781041
4081478966
3084789546
1801130493
507677899
3907904482
2796632126
2460976220
3148305224
2395642978
3058855376
1158515826
1401103804
975504928
3376716560
2964287494
3395318335
886027361
1800983116
441396019
1671722341
1996448200
1801147281
2727109426
1721634313
1188995151
3482225979
918396807
3378570838
4149197861
3838171385
2321812750
2349136535
1097977380
847446691
850782859
717723151
3303342565
3753192621
2311447937
3566936018
319164826
3432447289
2234611912
1403036080
2867124760
2295267716
2254913433
1163873718
1516656460
123728318
2586468055
577135048
1310114096
1500410508
660285675
1185855662
2285191685
2817536385
795030193
1655630019
598571668
4079814347
2249072918
3357283946
3662275739
2482891954
3055765224
1388595164
3478288861
2230450919
773883445
2986617994
341203028
2193283307
760190505
1013770849
179150756
692867391
42065860
2912819948
3622078893
2205676661
1658837749
1244143181
4153498914
1039864622
4290337995
1556501912
4114785179
3669786700
597449033
696536988
2402123677
88167264
1731599155
3496445523
3406753802
1238229556
670508574
1053336553
2747847553
1950431966
301479996
3055352004
2021449303
501765692
2645187248
1941314656
1350791458
189399953
1920221351
2371881644
1096764561
488424115
4006446103
2710846375
1992027386
3709953838
3878623909
1981915980
4085284356
546272714
4024722376
2388953626
1073812007
1628999591
297775821
384190461
834121308
1336134
1693533213
2581997972
1973358304
3120970951
2425638239
589818658
1740067866
3394720129
3852423840
368839342
3919360690
3777099301
3618954669
1814171409
812750084
3714315394
3838704362
369129647
2902257681
154764226
3196494240
3208455748
2120329535
2301920409
3695891688
2649220497
3739295235
2640266199
2295556424
1153497881
826121687
3713341273
3595080726
753080848
3935836838
305648578
798924905
1378572515
1174107785
673035587
3151384095
3559722760
2065666338
2376358011
3140256421
782897448
1086844224
3371560458
2546668399
811047095
3213344557
282449338
2501964319
2179007174
922862867
193876033
2540647260
1845875227
3258758779
1585465102
3438038514
1291894070
3862956692
505167
4108917264
640616323
76899484
1808903789
595292087
2141906883
2075179911
1291526716
200508300
2404725386
3536415327
1479694328
1042944523
1183800243
2188432095
1963742226
521080939
1795073524
1790944689
1918095902
4077643135
769488562
2057494327
4143004432
2262855022
194426860
2486134268
3890748669
3756075512
1810265747
843328190
3619698127
1367586
912357296
620448298
3245374965
3938867313
178016068
1451962574
1961224604
465571350
3940815295
68225753
1570425387
221629537
2531432630
1083789785
1714682229
203083204
947295791
880618744
157625793
395127091
1371374329
1685312251
3233145592
18075619
2236781649
2867095983
1707461226
3141999289
957920040
1123461423
1646938722
2716786139
2273648850
3871736948
1375309911
1824055181
2335542162
3610927985
3788882533
122610811
257685633
566398331
3864591499
3572338076
2970882965
634763046
1234516191
2976493640
3363324636
1210446740
3585922773
3278031506
3579548049
1793051041
3050106835
2806628790
2785509181
817435593
1233130012
3697296887
1567084831
1741741636
2663029066
1448384666
2569148965
3508007827
3524569970
2036357019
425143922
2113059463
3872783804
1068574817
3170054579
4058073390
3989480379
1547263248
139370024
3995325949
235658921
2544948898
509037836
295412168
425699371
3802239349
1663183332
3388063768
1129276732
63102357
1452716584
4143144264
2763775832
54683466
4134193395
4235708254
3984365201
4040670457
3821079240
3498778039
3902979279
4063729402
1715739621
2620677059
1691396689
2401263976
2114190434
2836245036
2590258473
2082984741
3819128286
382733504
4128599580
1101084329
759937662
3095131133
1680154741
4276733896
3345515150
4076631384
2258054736
632620936
2188350710
2259074826
990552093
601030948
1851133151
2473890808
3172934590
3525416352
1176379525
768201134
2081651620
1939197959
2347528963
248377819
3660581325
4062276381
4235874296
926449255
1122090439
2269518399
850713262
1971667266
1735272497
713773162
2601296226
3579099842
1166745483
1071871645
2642591760
1624431615
1376398971
2784130136
3060248627
2994774178
3005696908
3785216705
4229833990
1263267712
3463226155
2095625273
3162367652
465116220
1542254957
3743665669
731659696
3278771820
3640801398
1221784614
1021216378
651081618
3599882363
1620047146
2070821027
2463777827
3448347725
2761473040
2202553119
39698473
470655927
2078811697
4198871331
1519918465
3917120473
2010362832
1800649181
492784180
4036123848
2099925329
842286374
2717839577
4122722639
454900347
3646364823
2028187655
3313910964
1679810787
1277176297
2858909694
2618494752
3863752532
2641911175
2862638354
2801003997
945731070
891052094
3688715570
274238153
1565010736
3286998356
55873276
1791597425
1451964109
233075412
1055747122
2615545062
3197727463
2921329460
3386512815
1690603880
2211528565
3537520813
848290474
3444872460
2064244407
1413938812
2579179957
2394950637
1099004545
565346636
2191365575
4253223167
2520219809
1610696363
2356947044
3135969689
3503636185
2430871424
1878315943
1918668906
1768440795
1795202731
667027391
2229430544
1767923634
490660014
1048773246
2837930224
2636122280
2109223429
1745361344
525014802
2915318172
2784975679
4186473250
491994400
1608738348
4274706746
637792313
978110538
1042124509
3237621530
1045868580
3039751291
3462337234
4114624449
1153397671
1261697072
1518406657
3514434182
1616050172
3944034204
640564432
3429340114
2848860949
2035698174
890773342
2249551680
3753286536
3453799964
4143572966
1201682645
937357013
1476459052
926958475
1579741177
2478833383
1127707620
2689405696
2804137266
3658799760
357679898
2646870948
177339313
382004675
3906427955
2633413365
1233390884
3064991419
3394629222
2691701167
1630283727
886765841
3568765455
3628410349
1097977942
933624492
4124104958
4232773688
459541374
1775890728
4155008909
3545401486
887808958
2135060062
2827903637
1350822920
3623209980
2564347070
3053105069
1419252101
851938582
2407985122
3217348378
4229164711
1533827492
1322195876
1787588077
2040850107
3580001436
1142918816
3247208545
460998024
4258686226
1922539620
2423761845
495596933
4129716095
3722949168
1269501514
1455242457
4110223497
1051808734
3606133814
2756881764
1699658666
1553416377
3900391448
1212415479
2492389379
3664208738
4163930665
280857569
3286961719
558053481
669894496
1795648280
120657600
2235006294
383204737
2979777563
2971520709
2052329568
1417132438
9227263
1653341825
3274301756
94757956
778523491
3613659590
1607550639
2586966662
405529314
2482794271
792320836
3063112133
2250457376
3108151924
2518408881
2009441515
3980333624
3457652318
725250295
1295062957
4232944514
969461140
3691895944
105912934
132135939
1917012300
1934348592
150032036
801518521
3050210364
993559083
3404347455
2814254970
3871659618
3189123070
1709717862
1319707903
595404144
787834908
13413420
3010498632
3874943532
1223205475
1134526334
1221043367
1375059601
2059380231
46718040
1476574428
189870737
3576247464
2628237220
1414200950
1595895133
734331891
2856146812
3639697129
3247919023
3411073380
1206311938
1874422345
3230805299
1693861068
3017711029
2175969015
988300982
2230302612
1090167887
666412812
2266307173
2442680153
1512652807
1154933103
3864783125
3743806534
3439208734
1020428469
936787881
1883098060
2444165923
684560704
2668450931
2667879020
2731330389
608048187
4023599459
4031749158
1774113485
594355196
993936409
2268534960
1656403707
3101307437
123146633
1208457440
4267338298
72242191
2599883149
3161386399
956811484
2873200107
214429295
4076731494
2322550982
2986518767
3274850722
4003187707
3164999157
3782005189
2691202571
2887114781
2768933341
2908334772
693811145
1895775138
3544446940
1536709445
3329306110
2733079891
1546034761
2269695883
2901375024
2056548165
1303048999
2193863844
2811170239
1959744710
1629562290
260831384
2507129727
3497714581
1364669517
3731899371
3502308071
243990804
2237066811
1851293949
2681239288
1537874339
552181963
1420665346
1911076762
204372752
907149388
1686009883
3481431905
2040253944
3995984708
1904917810
3835214606
188294620
2308187576
837714539
1772933073
653527430
2842240792
456007255
2961525954
3704928140
3420550305
3481156864
2743523181
3142030210
924506853
4172458902
70698431
3170041270
3779683283
2364915594
1759065743
1065238173
1764420756
57912153
3242765033
664566015
749400852
125296983
764544752
2268334496
1520532451
3728305111
2538735170
36111197
4104365661
1584034809
2028413163
3965421013
440151775
1905295202
928917716
3238797382
1855778629
4247784348
1787627960
926938251
3833642548
2574948706
1930708364
2815761659
1327095919
4248182472
234834003
2141105575
3812224070
2910803880
2078670076
2825747164
2092954800
1546611903
3608141146
3392580511
1276330669
938665734
455969302
1179855991
576239987
4104735410
3045969331
567469890
3774931671
1844607308
2066488554
2091255307
3155695063
2527767892
3072612931
1276297635
15545661
3053874408
395435524
2035352883
617967412
144476007
1097419574
2228552959
2771349724
314853304
652843529
863386753
1753486455
2323853260
2948885552
2408202138
1343291113
3469449421
831704084
2692926405
1632582944
3789218238
4161144196
2211668438
3685693500
1500076167
141526744
1071367460
1827821820
3177733551
1115968283
248566247
152602508
1210366028
2292641307
233158908
2431510279
3390062791
3741215272
2817939253
4122713288
289435341
4040653956
1802936233
2104895261
2594203339
252293982
2328553315
788726385
1057720855
3945780179
859525065
3040710986
612678962
2561173012
951876480
2143025514
3272114627
4184838568
2879889365
3800755057
2133599278
759385776
3375608507
1413641300
2620302237
2951284347
1135721410
1798515634
523724940
1165996536
2557639826
92151514
100759850
1153107439
2691743994
2787739412
1710077384
4076413011
1453096507
3637613376
3584015038
734393952
3863930730
3183127159
61839775
1657615567
2631357392
3476881494
1786836586
2685986584
4122573455
1132661774
2684742336
1898802632
1548996930
2588898313
2826096467
2133879651
2853363429
268706324
451901175
3923301586
2213241963
4001142911
3844551595
4067296046
4165907940
3631897282
820517169
874838372
3999461467
1799308934
184675033
11713827
3066352014
1490547322
1621598549
3279398084
2401331326
3944407853
2229507109
4002296759
2965691977
3259041351
2174612424
2353432264
886323180
3321810534
4275727689
3314030371
88116980
3646644052
3137330196
4252878593
4253033973
