1857661012
3259090980
1124911040
811611194
3105183290
2142660565
227265131
2481598516
1846086831
3805730147
3774589080
2133337853
4031678840
2975433239
1979364311
824571119
4165865464
2230182527
3040692776
3761985453
3777032703
1031673051
328811013
3465596674
1988915842
398874485
872171777
3286391882
901100333
1130591647
2109475987
298632475
2874650083
1070323256
1969072266
3157611244
2704525312
2334315379
1943215797
3345112222
2690621553
2882787688
890688149
618060556
609464575
3571829139
3481674066
3373828175
2463028174
3323365700
3022648713
2994202606
865224252
923070478
3728379935
909207615
3090026462
1025720524
3680207601
2327070461
341850050
47845981
165546017
3792167284
2549830461
678646807
4061387093
775314538
1549600932
3569809488
2041404386
2290582272
1472502234
1579118259
1675278644
488147445
1893928814
38340438
4106459529
3249105285
3978912326
119252443
3287163005
1605494220
3106847417
2166124210
2055889427
669519988
3163873676
459666676
3900977689
4183658609
1543841437
1690036154
3144422215
3825921994
1988273026
2808393364
254580950
2188990072
330217426
1906716848
770833219
3529547114
1320151288
1656472037
491476415
3475269957
1146057307
251696099
26489541
4080732557
1025244517
730787900
2256668526
2007122580
2167165983
2883359927
133818856
3802851468
3671177595
2337623132
2129870468
1484755709
734408132
4287422084
3507288185
2839986795
1361381525
714920171
449257671
2895744216
4127836969
3145460483
1769806479
1972931474
564253060
1978267473
3319849488
3526025641
169617583
2129602715
3897196532
2739214341
3806861269
4171359598
4287956524
3261176824
2577049236
1779973147
1913751513
3228474214
3669898282
929689322
4038339592
1428693989
3586379972
2195242541
2296016394
2023225034
1900963712
2078511897
815130541
3718385687
4269007462
2440948348
579522161
1072594510
1467216579
274397343
1000479751
3570586604
1993894633
1772186908
4041767229
4235173302
1277331162
3616380234
2933409310
962552601
2071380410
3840230361
2848760024
3703690187
3448209633
3174598911
2461810999
2647566223
3665372273
4258277146
3683213107
3920531131
2223742595
2580497085
3069590823
802139940
3748350305
1145349485
3594852540
2667297841
209197028
1438392642
2193637460
1381019412
807454604
296485887
429502204
3335468038
590286484
47833644
3048131090
1195193592
2974370974
1326441814
527391087
1349015334
3241548918
1992036780
489852636
4119417670
3733729350
2199944501
1923158788
2730745500
2095861880
775849970
3961096799
406171954
3799029188
829746964
468767039
2460275522
2568858565
1157117381
3160635828
581520479
3957276252
1299677607
2138485908
2132569640
999153497
2172773174
3151182046
4201531251
2844832284
2177913293
933541048
2501492707
3036444117
3360165856
4213343033
199653057
1027556841
2762952421
711989609
450813158
1276353405
1784871141
3742045192
1919531169
1745692194
2632477046
833996084
428954563
3286725119
955502140
3141626610
4284840443
3793625506
2228388694
844838831
1579140373
1493262177
1045079739
2172518150
3939344586
3918569304
2602667504
98774622
1906653584
3229498139
5852032
4064071168
271086693
2788872506
2702292743
3448171663
1114603982
4164212171
2761631702
645967649
3484070948
3670967100
1239425290
3257707035
4159969159
362219186
3165799736
3835445675
2323971206
1340682307
485585916
3570868963
3099782697
292554842
456289859
1575702474
2002138089
55259179
1859147609
3423344787
2670890676
809868254
2758031726
1020209075
1236082496
1520808097
354563870
2778906453
1021833490
3348220778
2222293699
3523830908
1520271592
251016820
3934548274
2190914841
3722450740
1239852485
1758390997
1743897619
1476768339
2151462313
1051104645
1042284683
3035778021
2321825843
2330082424
1488678088
3921936128
2395690477
540072794
1165654129
1603051213
1499253709
392732738
2079835663
2487948037
1658956711
1359270045
3250169334
3786115132
3039807143
171078618
3599904113
2741404251
3459687951
3894471592
1604846929
1457123737
757105857
1986939757
3500832305
483698489
587839840
3949952276
920270267
115486656
4077796078
3237318558
3261170050
2931457296
4238059673
3145267479
1458260123
3587388613
3710095053
3064255949
3614620127
471806306
1962122532
1002514202
2303882315
3836198333
323843201
1696016222
2189476991
225406851
2374053499
3011714364
3226934319
1279556261
2189892728
3945954237
772798254
1152138508
3642023929
3523374640
2837073525
2670030247
3919044100
3981865827
477384185
2438935529
3460023015
246636616
2735663109
2237801049
2185997140
1617374754
3487036557
2292593545
200151883
1111380748
2687463844
1246307028
2575295094
1048329079
1133627883
351852796
183642596
1982981849
2261389259
1981693997
194097158
3582097108
2911177891
4150342061
4014881263
3322232440
943709674
52536424
1192851417
2214345975
3516577878
3923012722
3878551195
689602161
947846856
383538709
2157623766
1156894284
4007046177
1851748957
1673980686
565119574
954292920
1401697134
4185843241
3960517221
1124396906
150089666
79921894
4200219461
3070826269
2362670188
2074679987
2746636098
2065109611
2869355488
2081201910
1636325207
2722746448
3675511022
3036276977
1902351327
1979905025
3947921072
2042034412
3650809987
4286803521
2494474442
2327788076
2741330537
3914699722
2277595370
1499518105
3774374375
205502630
2365071699
2660981939
2460368589
2220334871
86614107
2166771521
3941163643
3996518958
1428869676
1009924209
3987837769
3631921036
1649098336
756165867
2334222296
3824183732
305124710
1383465911
3313217344
3543255858
589067021
3520160554
1760727818
1708569075
60549540
1319317681
3210250306
4260546338
4240909020
2356040792
885358849
860468333
1465081356
1864221603
120073540
3289731194
1210801320
1779044364
2814304883
4263579810
2706083453
2533852761
2526148077
1640192516
3217858810
199377219
2261960381
180745138
2294061316
1960946937
4249986393
3032797908
131003616
2352640818
1092785525
2394889083
1702150526
3009348249
2150996817
1886803298
3627002638
1057636799
3707815637
2733067078
732520033
3632667893
2149435789
3172381691
1653025293
3449353419
2210552448
3629025506
3290383529
894828879
1087350280
3591088416
1702207064
3977377994
3386251216
42436853
3706132885
184809905
4266811328
869336863
1004628503
1234969280
291708047
1361933572
1541133038
1998683633
860120930
1341791334
640012959
3187686370
1662631427
3368321755
94149246
2596884739
1620283000
3384839321
920298533
551706876
4239534968
65174546
1869805212
2810121759
1472643542
3613963205
2858857113
4220576118
3172275149
3448050981
1336442511
4253102161
2576202110
1858918662
265037427
3546158140
1275838639
1524006973
2923550659
3730425116
47093726
1099850446
3413032241
2705879498
414945515
3224320959
800890758
2055372175
982153719
3202477650
4061192765
4232992147
594987881
753244743
2222987064
285942119
1687369280
2913881552
1061041043
1757711128
1765931609
3948625597
2672642769
1752477740
815881893
546349907
3700795189
3439553324
312229776
2946364214
1581130866
1292325762
3932483332
757500956
4149895405
4025076451
53439920
3807906246
1349543008
4016171199
1319739831
398387968
144756570
1147693426
4238518431
70549140
4151426268
1425806113
3755389948
3461960742
2473687390
779451973
729184673
2477207658
3407388321
544455241
1690592697
961572233
2227775869
389470417
174901954
360301042
1432812211
3199218651
3035902725
3168128321
3438730227
3017540885
540438410
3093745568
4106436027
2490845889
666866082
637638583
2497124517
1419350945
773461680
3239122602
2545817113
1067860084
1053963185
605193595
3458396086
3911414802
2579025764
4039861590
3877188562
2003041642
3344669355
1597931102
1081598529
3069679877
304871943
1129931788
1098823886
1243219385
3530600920
1232925797
3395016441
2998886773
3735576683
226406194
2679580779
2866324577
1388213200
31328130
2613054302
3628545680
817143927
4143960108
3626964950
2511624562
2674015781
2338901538
2920661368
3936664912
1793835170
429808400
3756091143
1517065705
2039911021
4206663997
927797222
760459991
3022254628
4012001468
3215328596
3754612652
819606728
2644850532
2315567230
2092496937
2753085516
630382256
1276876252
646237437
1705616371
3595316530
3255907011
3161176507
3042462000
2437545959
1369865679
2178984044
2089143640
2049685341
3317110949
1483206370
3726851879
3692967322
3300932846
3468134596
1383811942
1827942314
3191511251
3647552441
1942069876
625978053
1244079051
866415681
1176648999
4203857046
1061362892
14305468
3262961179
1983371497
3191680965
1585150697
3998659855
2188709162
3402515805
3535486499
380032242
827799240
2376143183
1913846611
2757007219
1332052457
3656667447
3177326569
2923325829
1588944338
3190134931
3777656394
3376995019
1408463983
2326555496
4074746511
282037626
2649953994
3075440206
3209935888
1804770835
486043844
294117184
189234002
4013982210
1354971121
3767874285
705724893
2748507659
1080531246
2344707059
47395800
3819585306
3455472659
4188131116
3802515044
1652560582
3582939220
3308430971
262289396
1535266839
3443385703
3259455697
2576641027
1820714145
2648419451
2957862328
3985818373
2125202185
452811313
1724971824
747948831
928081574
3895122524
495191461
2067648300
735738912
3421786702
2019283106
3126171927
2819362444
1647202942
1338508339
2891929538
2783005324
963222718
734310182
616306898
2938924791
2735702024
1034650997
2334416429
1476619001
3820476262
2107767017
2402176310
3195774809
4185048514
1370245244
1929231198
1394648288
257443195
3377478008
4086573361
449554621
2144888380
944891267
3095722832
2742463401
2506354140
1383285146
55913491
1786874000
519377739
1909898989
895871898
3549693844
3510050159
23350408
3164993338
2318630891
939956571
4094640839
1870167544
2975612703
2498232595
978155072
1634062932
176412291
1474277958
1688791207
3731130559
1684676257
1391921898
2533636512
385092645
249122122
1771863646
3554916565
1613066049
2574652853
3761061198
1389429903
129071869
396779331
416012038
3059525979
1096561739
1711058131
1709906642
4239001640
3164814013
1228607516
1223884925
536079541
2141677958
1436383848
2858925767
3421867471
1854717023
17628974
1061426787
4070368979
3585604586
314175870
340528123
2032044894
3602701039
1119063103
714084718
3268598359
888075931
1886253379
4010897136
1434692273
1607620084
3061653865
52224088
3939045401
1164098568
2775165550
816187644
2927399400
119303664
573731097
1851866278
1245792386
1811544610
437562465
3185324690
1038131666
805537662
4256093760
3146753342
2146367472
4008900222
3380253268
1290613225
1505389628
1762292116
3657828301
3998163594
2896021614
2922542892
492864795
3285308773
1567431810
2878004489
904571597
398243325
3702229394
1997238010
3693236926
2360085563
664515916
691514737
2992899989
1071197588
2003491984
437953503
2914716854
2369860537
3657217913
2501948742
1793597775
2578546225
1517070325
3275378211
683920945
2797121581
2146121181
2946266775
3704533290
2624874265
422437741
3375746312
1031792745
3749103437
2107399550
2961942591
3929228070
735586734
729027774
2330638278
177916291
76782100
2209978273
1574404960
2399428563
7319695
529925629
462844983
814114263
2083176268
2005440956
732694182
573558866
3978571391
3141236618
3849133551
3566811681
1353786491
3882556425
499839617
2235549486
2743906341
3294187035
2097113624
312561101
22431741
0
